Temperature:  297.75066990000005 ,  3.7766945264229395
Pressure:  -993.1527243000002 ,  159.58114633525514
Density:  0.9191534894372612 ,  0.001335818654489701
