Temperature:  295.4296121 ,  3.7139666683416257
Pressure:  -493.04460193 ,  200.49712865249987
Density:  0.923578597516743 ,  0.0016513747252838481

