Temperature:  292.45172636363634 ,  3.4536336369925764
Pressure:  -17.444454108080805 ,  293.48274356830103
Density:  0.9804734462056006 ,  0.003081933049433876

