Temperature:  298.6729859595959 ,  3.760925453862779
Pressure:  -961.7892232323231 ,  260.3115996116241
Density:  0.9486382493039361 ,  0.0029312557824838887
