Temperature:  295.20311525252527 ,  3.896911248515773
Pressure:  -489.73697756565656 ,  239.67020243064763
Density:  0.965813359668317 ,  0.003217133974976973
