Temperature:  291.85172190000003 ,  3.993201607298509
Pressure:  3.775611114 ,  179.57864508507407
Density:  0.9278345356932813 ,  0.001431182815033628

